3
33
72
48
38
80
21
60
81
75
80
84
29
64
57
15
36
81
23
78
43
85
85
69
20
65
72
53
33
99
32
76
67
54
65
56
27
100
79
64
89
89
11
93
90
51
58
41
6
22
23
25
38
20
76
17
27
87
62
35
89
39
1
68
21
67
60
30
75
28
8
52
42
4
82
60
65
42
24
31
6
94
26
37
63
37
42
24
70
69
53
64
1
27
27
51
21
51
96
36
57
84
92
93
41
90
33
51
25
86
54
66
11
7
81
3
19
83
95
29
87
25
85
15
86
15
20
62
91
36
80
27
87
86
86
39
15
80
40
13
48
98
65
75
75
45
68
71
52
31
93
87
76
100
94
36
4
78
4
78
19
25
91
69
68
43
23
51
61
11
68
49
74
70
62
40
22
23
38
30
64
73
62
19
22
87
26
50
47
57
20
67
33
76
11
74
5
37
59
9
59
16
48
41
38
58
73
1
37
63
71
25
57
90
26
45
90
46
92
72
55
1
29
49
54
26
97
89
59
42
61
1
48
96
28
97
58
78
60
12
39
95
21
81
76
81
69
95
40
44
82
95
0
75
1
31
94
44
82
66
96
29
13
88
8
25
100
51
58
29
42
68
43
64
60
41
98
3
88
6
74
34
66
8
59
39
69
59
83
8
57
42
20
81
76
3
66
12
8
2
83
24
0
17
10
31
35
63
25
71
4
20
55
25
78
34
59
44
55
35
7
76
74
98
78
69
78
90
66
47
75
27
36
29
59
65
78
21
13
64
90
28
46
76
63
42
16
61
90
91
11
91
5
92
35
41
91
100
80
10
34
62
46
26
29
91
43
77
47
55
81
100
95
22
0
23
65
29
29
4
12
93
52
89
55
47
69
52
57
82
54
92
94
3
92
86
36
62
49
97
51
68
67
98
65
75
74
65
2
36
27
57
62
66
70
18
75
50
52
31
51
23
20
32
94
70
49
38
86
29
22
41
44
97
31
30
27
80
20
83
1
27
59
84
79
75
95
83
55
49
20
63
9
43
91
2
12
96
25
74
83
84
57
73
42
74
91
53
47
59
96
17
21
59
20
72
95
60
37
93
43
78
95
35
16
48
6
42
8
63
27
44
15
73
7
17
11
98
56
53
72
36
60
82
31
28
5
63
17
7
48
5
44
74
29
82
90
47
71
54
28
63
43
95
19
19
72
89
72
41
86
26
27
90
61
54
62
14
55
8
5
46
85
55
27
74
36
48
0
43
22
53
24
9
24
72
20
99
63
71
73
9
76
37
83
89
77
52
48
94
21
79
30
47
6
43
33
10
84
69
52
70
76
62
25
33
30
100
11
51
51
16
91
14
0
42
19
32
91
16
35
65
9
5
24
33
70
1
23
45
50
10
47
69
33
62
19
64
55
77
78
41
32
91
28
44
79
52
88
41
22
90
13
44
48
61
23
4
87
97
44
15
34
52
68
9
68
5
88
65
5
98
21
47
13
16
77
93
28
39
35
49
17
54
72
70
55
81
95
95
35
81
41
66
75
42
75
42
84
42
55
36
51
42
4
55
23
2
47
35
97
5
3
21
60
73
71
45
27
83
10
73
27
82
98
30
25
2
85
72
57
77
99
19
90
36
73
20
73
27
27
75
34
88
81
27
95
69
36
65
19
25
63
13
81
33
81
13
81
8
0
83
8
13
8
77
27
21
100
56
73
51
64
40
84
78
28
31
97
85
23
25
86
90
22
74
99
84
85
59
75
19
63
36
51
46
70
74
10
96
9
3
46
98
62
29
41
77
42
25
96
11
65
18
99
27
35
89
41
96
16
33
18
0
76
27
66
47
38
70
34
90
14
39
64
81
51
49
1
96
15
32
98
58
76
50
80
9
98
48
32
52
44
96
40
90
69
23
39
95
70
12
54
38
4
72
4
31
69
34
76
19
43
96
56
71
2
4
16
87
3
26
57
43
28
5
47
21
57
54
88
41
31
60
40
20
96
39
86
46
59
28
8
60
68
4
73
89
6
39
17
49
44
4
94
85
100
12
11
7
24
45
0
93
52
10
94
64
0
49
82
61
3
59
72
59
48
51
43
76
52
95
13
79
61
30
7
88
63
6
34
35
56
27
57
58
52
71
87
78
74
7
62
77
47
30
14
41
9
27
48
85
48
94
52
87
10
91
11
40
14
78
97
29
77
10
52
97
42
98
82
25
15
1
65
28
29
41
70
42
58
82
50
16
61
66
27
45
89
81
24
62
97
3
42
94
60
84
82
88
